<?xml version="1.0"?>
<opencv_storage>
<H-0 type_id="opencv-matrix">
  <rows>3</rows>
  <cols>3</cols>
  <dt>f</dt>
  <data>
    98.59246063 -3.23718119 606.43572998 5.07913256 98.45634460
    498.79510498 1.88354671e-003 7.17986899e-004 84.50000000</data></H-0>
</opencv_storage>
