<?xml version="1.0"?>
<opencv_storage>
<Intrinsics-0 type_id="opencv-matrix">
  <rows>3</rows>
  <cols>3</cols>
  <dt>f</dt>
  <data>
    9.23465137e+003 0. 400.39260864 0. 9.08990137e+003 291.47070313 0.
    0. 1.</data></Intrinsics-0>
</opencv_storage>
