<?xml version="1.0"?>
<opencv_storage>
<H-0 type_id="opencv-matrix">
  <rows>3</rows>
  <cols>3</cols>
  <dt>f</dt>
  <data>
    49.21829224 1.02746689 310.86450195 -0.05457846 50.44976425
    204.11076355 -8.01687944e-004 2.62155337e-003 50.</data></H-0>
</opencv_storage>
