<?xml version="1.0"?>
<opencv_storage>
<H type_id="opencv-matrix">
  <rows>3</rows>
  <cols>3</cols>
  <dt>f</dt>
  <data>
    58.69422913 1.68550146 64.00918579 6.50171423 52.12462997
    171.95788574 0.01932384 8.16344749e-003 54.50000000</data></H>
</opencv_storage>
